p cnf 150 4640
148 149 150 0
-148 -150 0
-148 -149 0
-149 -150 0
145 146 147 0
-145 -147 0
-145 -146 0
-146 -147 0
148 149 150 0
-148 -150 0
-148 -149 0
-149 -150 0
127 128 129 0
-127 -129 0
-127 -128 0
-128 -129 0
148 149 150 0
-148 -150 0
-148 -149 0
-149 -150 0
121 122 123 0
-121 -123 0
-121 -122 0
-122 -123 0
148 149 150 0
-148 -150 0
-148 -149 0
-149 -150 0
115 116 117 0
-115 -117 0
-115 -116 0
-116 -117 0
148 149 150 0
-148 -150 0
-148 -149 0
-149 -150 0
109 110 111 0
-109 -111 0
-109 -110 0
-110 -111 0
148 149 150 0
-148 -150 0
-148 -149 0
-149 -150 0
97 98 99 0
-97 -99 0
-97 -98 0
-98 -99 0
148 149 150 0
-148 -150 0
-148 -149 0
-149 -150 0
94 95 96 0
-94 -96 0
-94 -95 0
-95 -96 0
148 149 150 0
-148 -150 0
-148 -149 0
-149 -150 0
76 77 78 0
-76 -78 0
-76 -77 0
-77 -78 0
148 149 150 0
-148 -150 0
-148 -149 0
-149 -150 0
70 71 72 0
-70 -72 0
-70 -71 0
-71 -72 0
148 149 150 0
-148 -150 0
-148 -149 0
-149 -150 0
67 68 69 0
-67 -69 0
-67 -68 0
-68 -69 0
148 149 150 0
-148 -150 0
-148 -149 0
-149 -150 0
61 62 63 0
-61 -63 0
-61 -62 0
-62 -63 0
148 149 150 0
-148 -150 0
-148 -149 0
-149 -150 0
52 53 54 0
-52 -54 0
-52 -53 0
-53 -54 0
148 149 150 0
-148 -150 0
-148 -149 0
-149 -150 0
49 50 51 0
-49 -51 0
-49 -50 0
-50 -51 0
148 149 150 0
-148 -150 0
-148 -149 0
-149 -150 0
46 47 48 0
-46 -48 0
-46 -47 0
-47 -48 0
148 149 150 0
-148 -150 0
-148 -149 0
-149 -150 0
40 41 42 0
-40 -42 0
-40 -41 0
-41 -42 0
148 149 150 0
-148 -150 0
-148 -149 0
-149 -150 0
34 35 36 0
-34 -36 0
-34 -35 0
-35 -36 0
148 149 150 0
-148 -150 0
-148 -149 0
-149 -150 0
25 26 27 0
-25 -27 0
-25 -26 0
-26 -27 0
148 149 150 0
-148 -150 0
-148 -149 0
-149 -150 0
7 8 9 0
-7 -9 0
-7 -8 0
-8 -9 0
145 146 147 0
-145 -147 0
-145 -146 0
-146 -147 0
142 143 144 0
-142 -144 0
-142 -143 0
-143 -144 0
145 146 147 0
-145 -147 0
-145 -146 0
-146 -147 0
139 140 141 0
-139 -141 0
-139 -140 0
-140 -141 0
145 146 147 0
-145 -147 0
-145 -146 0
-146 -147 0
136 137 138 0
-136 -138 0
-136 -137 0
-137 -138 0
145 146 147 0
-145 -147 0
-145 -146 0
-146 -147 0
133 134 135 0
-133 -135 0
-133 -134 0
-134 -135 0
145 146 147 0
-145 -147 0
-145 -146 0
-146 -147 0
124 125 126 0
-124 -126 0
-124 -125 0
-125 -126 0
145 146 147 0
-145 -147 0
-145 -146 0
-146 -147 0
109 110 111 0
-109 -111 0
-109 -110 0
-110 -111 0
145 146 147 0
-145 -147 0
-145 -146 0
-146 -147 0
106 107 108 0
-106 -108 0
-106 -107 0
-107 -108 0
145 146 147 0
-145 -147 0
-145 -146 0
-146 -147 0
100 101 102 0
-100 -102 0
-100 -101 0
-101 -102 0
145 146 147 0
-145 -147 0
-145 -146 0
-146 -147 0
97 98 99 0
-97 -99 0
-97 -98 0
-98 -99 0
145 146 147 0
-145 -147 0
-145 -146 0
-146 -147 0
91 92 93 0
-91 -93 0
-91 -92 0
-92 -93 0
145 146 147 0
-145 -147 0
-145 -146 0
-146 -147 0
88 89 90 0
-88 -90 0
-88 -89 0
-89 -90 0
145 146 147 0
-145 -147 0
-145 -146 0
-146 -147 0
79 80 81 0
-79 -81 0
-79 -80 0
-80 -81 0
145 146 147 0
-145 -147 0
-145 -146 0
-146 -147 0
70 71 72 0
-70 -72 0
-70 -71 0
-71 -72 0
145 146 147 0
-145 -147 0
-145 -146 0
-146 -147 0
61 62 63 0
-61 -63 0
-61 -62 0
-62 -63 0
145 146 147 0
-145 -147 0
-145 -146 0
-146 -147 0
58 59 60 0
-58 -60 0
-58 -59 0
-59 -60 0
145 146 147 0
-145 -147 0
-145 -146 0
-146 -147 0
40 41 42 0
-40 -42 0
-40 -41 0
-41 -42 0
145 146 147 0
-145 -147 0
-145 -146 0
-146 -147 0
34 35 36 0
-34 -36 0
-34 -35 0
-35 -36 0
145 146 147 0
-145 -147 0
-145 -146 0
-146 -147 0
22 23 24 0
-22 -24 0
-22 -23 0
-23 -24 0
145 146 147 0
-145 -147 0
-145 -146 0
-146 -147 0
19 20 21 0
-19 -21 0
-19 -20 0
-20 -21 0
145 146 147 0
-145 -147 0
-145 -146 0
-146 -147 0
16 17 18 0
-16 -18 0
-16 -17 0
-17 -18 0
145 146 147 0
-145 -147 0
-145 -146 0
-146 -147 0
7 8 9 0
-7 -9 0
-7 -8 0
-8 -9 0
142 143 144 0
-142 -144 0
-142 -143 0
-143 -144 0
136 137 138 0
-136 -138 0
-136 -137 0
-137 -138 0
142 143 144 0
-142 -144 0
-142 -143 0
-143 -144 0
133 134 135 0
-133 -135 0
-133 -134 0
-134 -135 0
142 143 144 0
-142 -144 0
-142 -143 0
-143 -144 0
130 131 132 0
-130 -132 0
-130 -131 0
-131 -132 0
142 143 144 0
-142 -144 0
-142 -143 0
-143 -144 0
121 122 123 0
-121 -123 0
-121 -122 0
-122 -123 0
142 143 144 0
-142 -144 0
-142 -143 0
-143 -144 0
118 119 120 0
-118 -120 0
-118 -119 0
-119 -120 0
142 143 144 0
-142 -144 0
-142 -143 0
-143 -144 0
115 116 117 0
-115 -117 0
-115 -116 0
-116 -117 0
142 143 144 0
-142 -144 0
-142 -143 0
-143 -144 0
112 113 114 0
-112 -114 0
-112 -113 0
-113 -114 0
142 143 144 0
-142 -144 0
-142 -143 0
-143 -144 0
106 107 108 0
-106 -108 0
-106 -107 0
-107 -108 0
142 143 144 0
-142 -144 0
-142 -143 0
-143 -144 0
100 101 102 0
-100 -102 0
-100 -101 0
-101 -102 0
142 143 144 0
-142 -144 0
-142 -143 0
-143 -144 0
97 98 99 0
-97 -99 0
-97 -98 0
-98 -99 0
142 143 144 0
-142 -144 0
-142 -143 0
-143 -144 0
91 92 93 0
-91 -93 0
-91 -92 0
-92 -93 0
142 143 144 0
-142 -144 0
-142 -143 0
-143 -144 0
88 89 90 0
-88 -90 0
-88 -89 0
-89 -90 0
142 143 144 0
-142 -144 0
-142 -143 0
-143 -144 0
85 86 87 0
-85 -87 0
-85 -86 0
-86 -87 0
142 143 144 0
-142 -144 0
-142 -143 0
-143 -144 0
79 80 81 0
-79 -81 0
-79 -80 0
-80 -81 0
142 143 144 0
-142 -144 0
-142 -143 0
-143 -144 0
73 74 75 0
-73 -75 0
-73 -74 0
-74 -75 0
142 143 144 0
-142 -144 0
-142 -143 0
-143 -144 0
58 59 60 0
-58 -60 0
-58 -59 0
-59 -60 0
142 143 144 0
-142 -144 0
-142 -143 0
-143 -144 0
52 53 54 0
-52 -54 0
-52 -53 0
-53 -54 0
142 143 144 0
-142 -144 0
-142 -143 0
-143 -144 0
49 50 51 0
-49 -51 0
-49 -50 0
-50 -51 0
142 143 144 0
-142 -144 0
-142 -143 0
-143 -144 0
46 47 48 0
-46 -48 0
-46 -47 0
-47 -48 0
142 143 144 0
-142 -144 0
-142 -143 0
-143 -144 0
37 38 39 0
-37 -39 0
-37 -38 0
-38 -39 0
142 143 144 0
-142 -144 0
-142 -143 0
-143 -144 0
22 23 24 0
-22 -24 0
-22 -23 0
-23 -24 0
142 143 144 0
-142 -144 0
-142 -143 0
-143 -144 0
19 20 21 0
-19 -21 0
-19 -20 0
-20 -21 0
142 143 144 0
-142 -144 0
-142 -143 0
-143 -144 0
16 17 18 0
-16 -18 0
-16 -17 0
-17 -18 0
142 143 144 0
-142 -144 0
-142 -143 0
-143 -144 0
13 14 15 0
-13 -15 0
-13 -14 0
-14 -15 0
142 143 144 0
-142 -144 0
-142 -143 0
-143 -144 0
10 11 12 0
-10 -12 0
-10 -11 0
-11 -12 0
142 143 144 0
-142 -144 0
-142 -143 0
-143 -144 0
1 2 3 0
-1 -3 0
-1 -2 0
-2 -3 0
139 140 141 0
-139 -141 0
-139 -140 0
-140 -141 0
136 137 138 0
-136 -138 0
-136 -137 0
-137 -138 0
139 140 141 0
-139 -141 0
-139 -140 0
-140 -141 0
133 134 135 0
-133 -135 0
-133 -134 0
-134 -135 0
139 140 141 0
-139 -141 0
-139 -140 0
-140 -141 0
118 119 120 0
-118 -120 0
-118 -119 0
-119 -120 0
139 140 141 0
-139 -141 0
-139 -140 0
-140 -141 0
115 116 117 0
-115 -117 0
-115 -116 0
-116 -117 0
139 140 141 0
-139 -141 0
-139 -140 0
-140 -141 0
103 104 105 0
-103 -105 0
-103 -104 0
-104 -105 0
139 140 141 0
-139 -141 0
-139 -140 0
-140 -141 0
100 101 102 0
-100 -102 0
-100 -101 0
-101 -102 0
139 140 141 0
-139 -141 0
-139 -140 0
-140 -141 0
91 92 93 0
-91 -93 0
-91 -92 0
-92 -93 0
139 140 141 0
-139 -141 0
-139 -140 0
-140 -141 0
88 89 90 0
-88 -90 0
-88 -89 0
-89 -90 0
139 140 141 0
-139 -141 0
-139 -140 0
-140 -141 0
85 86 87 0
-85 -87 0
-85 -86 0
-86 -87 0
139 140 141 0
-139 -141 0
-139 -140 0
-140 -141 0
79 80 81 0
-79 -81 0
-79 -80 0
-80 -81 0
139 140 141 0
-139 -141 0
-139 -140 0
-140 -141 0
58 59 60 0
-58 -60 0
-58 -59 0
-59 -60 0
139 140 141 0
-139 -141 0
-139 -140 0
-140 -141 0
40 41 42 0
-40 -42 0
-40 -41 0
-41 -42 0
139 140 141 0
-139 -141 0
-139 -140 0
-140 -141 0
28 29 30 0
-28 -30 0
-28 -29 0
-29 -30 0
139 140 141 0
-139 -141 0
-139 -140 0
-140 -141 0
22 23 24 0
-22 -24 0
-22 -23 0
-23 -24 0
139 140 141 0
-139 -141 0
-139 -140 0
-140 -141 0
19 20 21 0
-19 -21 0
-19 -20 0
-20 -21 0
139 140 141 0
-139 -141 0
-139 -140 0
-140 -141 0
16 17 18 0
-16 -18 0
-16 -17 0
-17 -18 0
139 140 141 0
-139 -141 0
-139 -140 0
-140 -141 0
7 8 9 0
-7 -9 0
-7 -8 0
-8 -9 0
136 137 138 0
-136 -138 0
-136 -137 0
-137 -138 0
133 134 135 0
-133 -135 0
-133 -134 0
-134 -135 0
136 137 138 0
-136 -138 0
-136 -137 0
-137 -138 0
130 131 132 0
-130 -132 0
-130 -131 0
-131 -132 0
136 137 138 0
-136 -138 0
-136 -137 0
-137 -138 0
121 122 123 0
-121 -123 0
-121 -122 0
-122 -123 0
136 137 138 0
-136 -138 0
-136 -137 0
-137 -138 0
118 119 120 0
-118 -120 0
-118 -119 0
-119 -120 0
136 137 138 0
-136 -138 0
-136 -137 0
-137 -138 0
112 113 114 0
-112 -114 0
-112 -113 0
-113 -114 0
136 137 138 0
-136 -138 0
-136 -137 0
-137 -138 0
109 110 111 0
-109 -111 0
-109 -110 0
-110 -111 0
136 137 138 0
-136 -138 0
-136 -137 0
-137 -138 0
106 107 108 0
-106 -108 0
-106 -107 0
-107 -108 0
136 137 138 0
-136 -138 0
-136 -137 0
-137 -138 0
103 104 105 0
-103 -105 0
-103 -104 0
-104 -105 0
136 137 138 0
-136 -138 0
-136 -137 0
-137 -138 0
100 101 102 0
-100 -102 0
-100 -101 0
-101 -102 0
136 137 138 0
-136 -138 0
-136 -137 0
-137 -138 0
91 92 93 0
-91 -93 0
-91 -92 0
-92 -93 0
136 137 138 0
-136 -138 0
-136 -137 0
-137 -138 0
88 89 90 0
-88 -90 0
-88 -89 0
-89 -90 0
136 137 138 0
-136 -138 0
-136 -137 0
-137 -138 0
85 86 87 0
-85 -87 0
-85 -86 0
-86 -87 0
136 137 138 0
-136 -138 0
-136 -137 0
-137 -138 0
79 80 81 0
-79 -81 0
-79 -80 0
-80 -81 0
136 137 138 0
-136 -138 0
-136 -137 0
-137 -138 0
73 74 75 0
-73 -75 0
-73 -74 0
-74 -75 0
136 137 138 0
-136 -138 0
-136 -137 0
-137 -138 0
58 59 60 0
-58 -60 0
-58 -59 0
-59 -60 0
136 137 138 0
-136 -138 0
-136 -137 0
-137 -138 0
49 50 51 0
-49 -51 0
-49 -50 0
-50 -51 0
136 137 138 0
-136 -138 0
-136 -137 0
-137 -138 0
40 41 42 0
-40 -42 0
-40 -41 0
-41 -42 0
136 137 138 0
-136 -138 0
-136 -137 0
-137 -138 0
37 38 39 0
-37 -39 0
-37 -38 0
-38 -39 0
136 137 138 0
-136 -138 0
-136 -137 0
-137 -138 0
31 32 33 0
-31 -33 0
-31 -32 0
-32 -33 0
136 137 138 0
-136 -138 0
-136 -137 0
-137 -138 0
28 29 30 0
-28 -30 0
-28 -29 0
-29 -30 0
136 137 138 0
-136 -138 0
-136 -137 0
-137 -138 0
25 26 27 0
-25 -27 0
-25 -26 0
-26 -27 0
136 137 138 0
-136 -138 0
-136 -137 0
-137 -138 0
22 23 24 0
-22 -24 0
-22 -23 0
-23 -24 0
136 137 138 0
-136 -138 0
-136 -137 0
-137 -138 0
19 20 21 0
-19 -21 0
-19 -20 0
-20 -21 0
136 137 138 0
-136 -138 0
-136 -137 0
-137 -138 0
13 14 15 0
-13 -15 0
-13 -14 0
-14 -15 0
133 134 135 0
-133 -135 0
-133 -134 0
-134 -135 0
124 125 126 0
-124 -126 0
-124 -125 0
-125 -126 0
133 134 135 0
-133 -135 0
-133 -134 0
-134 -135 0
121 122 123 0
-121 -123 0
-121 -122 0
-122 -123 0
133 134 135 0
-133 -135 0
-133 -134 0
-134 -135 0
100 101 102 0
-100 -102 0
-100 -101 0
-101 -102 0
133 134 135 0
-133 -135 0
-133 -134 0
-134 -135 0
97 98 99 0
-97 -99 0
-97 -98 0
-98 -99 0
133 134 135 0
-133 -135 0
-133 -134 0
-134 -135 0
94 95 96 0
-94 -96 0
-94 -95 0
-95 -96 0
133 134 135 0
-133 -135 0
-133 -134 0
-134 -135 0
91 92 93 0
-91 -93 0
-91 -92 0
-92 -93 0
133 134 135 0
-133 -135 0
-133 -134 0
-134 -135 0
79 80 81 0
-79 -81 0
-79 -80 0
-80 -81 0
133 134 135 0
-133 -135 0
-133 -134 0
-134 -135 0
76 77 78 0
-76 -78 0
-76 -77 0
-77 -78 0
133 134 135 0
-133 -135 0
-133 -134 0
-134 -135 0
70 71 72 0
-70 -72 0
-70 -71 0
-71 -72 0
133 134 135 0
-133 -135 0
-133 -134 0
-134 -135 0
61 62 63 0
-61 -63 0
-61 -62 0
-62 -63 0
133 134 135 0
-133 -135 0
-133 -134 0
-134 -135 0
58 59 60 0
-58 -60 0
-58 -59 0
-59 -60 0
133 134 135 0
-133 -135 0
-133 -134 0
-134 -135 0
55 56 57 0
-55 -57 0
-55 -56 0
-56 -57 0
133 134 135 0
-133 -135 0
-133 -134 0
-134 -135 0
52 53 54 0
-52 -54 0
-52 -53 0
-53 -54 0
133 134 135 0
-133 -135 0
-133 -134 0
-134 -135 0
49 50 51 0
-49 -51 0
-49 -50 0
-50 -51 0
133 134 135 0
-133 -135 0
-133 -134 0
-134 -135 0
46 47 48 0
-46 -48 0
-46 -47 0
-47 -48 0
133 134 135 0
-133 -135 0
-133 -134 0
-134 -135 0
40 41 42 0
-40 -42 0
-40 -41 0
-41 -42 0
133 134 135 0
-133 -135 0
-133 -134 0
-134 -135 0
34 35 36 0
-34 -36 0
-34 -35 0
-35 -36 0
133 134 135 0
-133 -135 0
-133 -134 0
-134 -135 0
31 32 33 0
-31 -33 0
-31 -32 0
-32 -33 0
133 134 135 0
-133 -135 0
-133 -134 0
-134 -135 0
25 26 27 0
-25 -27 0
-25 -26 0
-26 -27 0
133 134 135 0
-133 -135 0
-133 -134 0
-134 -135 0
22 23 24 0
-22 -24 0
-22 -23 0
-23 -24 0
133 134 135 0
-133 -135 0
-133 -134 0
-134 -135 0
19 20 21 0
-19 -21 0
-19 -20 0
-20 -21 0
133 134 135 0
-133 -135 0
-133 -134 0
-134 -135 0
1 2 3 0
-1 -3 0
-1 -2 0
-2 -3 0
130 131 132 0
-130 -132 0
-130 -131 0
-131 -132 0
127 128 129 0
-127 -129 0
-127 -128 0
-128 -129 0
130 131 132 0
-130 -132 0
-130 -131 0
-131 -132 0
124 125 126 0
-124 -126 0
-124 -125 0
-125 -126 0
130 131 132 0
-130 -132 0
-130 -131 0
-131 -132 0
118 119 120 0
-118 -120 0
-118 -119 0
-119 -120 0
130 131 132 0
-130 -132 0
-130 -131 0
-131 -132 0
106 107 108 0
-106 -108 0
-106 -107 0
-107 -108 0
130 131 132 0
-130 -132 0
-130 -131 0
-131 -132 0
94 95 96 0
-94 -96 0
-94 -95 0
-95 -96 0
130 131 132 0
-130 -132 0
-130 -131 0
-131 -132 0
91 92 93 0
-91 -93 0
-91 -92 0
-92 -93 0
130 131 132 0
-130 -132 0
-130 -131 0
-131 -132 0
88 89 90 0
-88 -90 0
-88 -89 0
-89 -90 0
130 131 132 0
-130 -132 0
-130 -131 0
-131 -132 0
85 86 87 0
-85 -87 0
-85 -86 0
-86 -87 0
130 131 132 0
-130 -132 0
-130 -131 0
-131 -132 0
82 83 84 0
-82 -84 0
-82 -83 0
-83 -84 0
130 131 132 0
-130 -132 0
-130 -131 0
-131 -132 0
73 74 75 0
-73 -75 0
-73 -74 0
-74 -75 0
130 131 132 0
-130 -132 0
-130 -131 0
-131 -132 0
64 65 66 0
-64 -66 0
-64 -65 0
-65 -66 0
130 131 132 0
-130 -132 0
-130 -131 0
-131 -132 0
55 56 57 0
-55 -57 0
-55 -56 0
-56 -57 0
130 131 132 0
-130 -132 0
-130 -131 0
-131 -132 0
52 53 54 0
-52 -54 0
-52 -53 0
-53 -54 0
130 131 132 0
-130 -132 0
-130 -131 0
-131 -132 0
43 44 45 0
-43 -45 0
-43 -44 0
-44 -45 0
130 131 132 0
-130 -132 0
-130 -131 0
-131 -132 0
37 38 39 0
-37 -39 0
-37 -38 0
-38 -39 0
130 131 132 0
-130 -132 0
-130 -131 0
-131 -132 0
31 32 33 0
-31 -33 0
-31 -32 0
-32 -33 0
130 131 132 0
-130 -132 0
-130 -131 0
-131 -132 0
28 29 30 0
-28 -30 0
-28 -29 0
-29 -30 0
130 131 132 0
-130 -132 0
-130 -131 0
-131 -132 0
1 2 3 0
-1 -3 0
-1 -2 0
-2 -3 0
127 128 129 0
-127 -129 0
-127 -128 0
-128 -129 0
121 122 123 0
-121 -123 0
-121 -122 0
-122 -123 0
127 128 129 0
-127 -129 0
-127 -128 0
-128 -129 0
118 119 120 0
-118 -120 0
-118 -119 0
-119 -120 0
127 128 129 0
-127 -129 0
-127 -128 0
-128 -129 0
103 104 105 0
-103 -105 0
-103 -104 0
-104 -105 0
127 128 129 0
-127 -129 0
-127 -128 0
-128 -129 0
82 83 84 0
-82 -84 0
-82 -83 0
-83 -84 0
127 128 129 0
-127 -129 0
-127 -128 0
-128 -129 0
76 77 78 0
-76 -78 0
-76 -77 0
-77 -78 0
127 128 129 0
-127 -129 0
-127 -128 0
-128 -129 0
73 74 75 0
-73 -75 0
-73 -74 0
-74 -75 0
127 128 129 0
-127 -129 0
-127 -128 0
-128 -129 0
67 68 69 0
-67 -69 0
-67 -68 0
-68 -69 0
127 128 129 0
-127 -129 0
-127 -128 0
-128 -129 0
64 65 66 0
-64 -66 0
-64 -65 0
-65 -66 0
127 128 129 0
-127 -129 0
-127 -128 0
-128 -129 0
61 62 63 0
-61 -63 0
-61 -62 0
-62 -63 0
127 128 129 0
-127 -129 0
-127 -128 0
-128 -129 0
55 56 57 0
-55 -57 0
-55 -56 0
-56 -57 0
127 128 129 0
-127 -129 0
-127 -128 0
-128 -129 0
46 47 48 0
-46 -48 0
-46 -47 0
-47 -48 0
127 128 129 0
-127 -129 0
-127 -128 0
-128 -129 0
43 44 45 0
-43 -45 0
-43 -44 0
-44 -45 0
127 128 129 0
-127 -129 0
-127 -128 0
-128 -129 0
37 38 39 0
-37 -39 0
-37 -38 0
-38 -39 0
127 128 129 0
-127 -129 0
-127 -128 0
-128 -129 0
31 32 33 0
-31 -33 0
-31 -32 0
-32 -33 0
127 128 129 0
-127 -129 0
-127 -128 0
-128 -129 0
16 17 18 0
-16 -18 0
-16 -17 0
-17 -18 0
127 128 129 0
-127 -129 0
-127 -128 0
-128 -129 0
13 14 15 0
-13 -15 0
-13 -14 0
-14 -15 0
127 128 129 0
-127 -129 0
-127 -128 0
-128 -129 0
10 11 12 0
-10 -12 0
-10 -11 0
-11 -12 0
127 128 129 0
-127 -129 0
-127 -128 0
-128 -129 0
7 8 9 0
-7 -9 0
-7 -8 0
-8 -9 0
124 125 126 0
-124 -126 0
-124 -125 0
-125 -126 0
118 119 120 0
-118 -120 0
-118 -119 0
-119 -120 0
124 125 126 0
-124 -126 0
-124 -125 0
-125 -126 0
106 107 108 0
-106 -108 0
-106 -107 0
-107 -108 0
124 125 126 0
-124 -126 0
-124 -125 0
-125 -126 0
103 104 105 0
-103 -105 0
-103 -104 0
-104 -105 0
124 125 126 0
-124 -126 0
-124 -125 0
-125 -126 0
94 95 96 0
-94 -96 0
-94 -95 0
-95 -96 0
124 125 126 0
-124 -126 0
-124 -125 0
-125 -126 0
88 89 90 0
-88 -90 0
-88 -89 0
-89 -90 0
124 125 126 0
-124 -126 0
-124 -125 0
-125 -126 0
85 86 87 0
-85 -87 0
-85 -86 0
-86 -87 0
124 125 126 0
-124 -126 0
-124 -125 0
-125 -126 0
79 80 81 0
-79 -81 0
-79 -80 0
-80 -81 0
124 125 126 0
-124 -126 0
-124 -125 0
-125 -126 0
76 77 78 0
-76 -78 0
-76 -77 0
-77 -78 0
124 125 126 0
-124 -126 0
-124 -125 0
-125 -126 0
73 74 75 0
-73 -75 0
-73 -74 0
-74 -75 0
124 125 126 0
-124 -126 0
-124 -125 0
-125 -126 0
70 71 72 0
-70 -72 0
-70 -71 0
-71 -72 0
124 125 126 0
-124 -126 0
-124 -125 0
-125 -126 0
67 68 69 0
-67 -69 0
-67 -68 0
-68 -69 0
124 125 126 0
-124 -126 0
-124 -125 0
-125 -126 0
58 59 60 0
-58 -60 0
-58 -59 0
-59 -60 0
124 125 126 0
-124 -126 0
-124 -125 0
-125 -126 0
55 56 57 0
-55 -57 0
-55 -56 0
-56 -57 0
124 125 126 0
-124 -126 0
-124 -125 0
-125 -126 0
52 53 54 0
-52 -54 0
-52 -53 0
-53 -54 0
124 125 126 0
-124 -126 0
-124 -125 0
-125 -126 0
31 32 33 0
-31 -33 0
-31 -32 0
-32 -33 0
124 125 126 0
-124 -126 0
-124 -125 0
-125 -126 0
28 29 30 0
-28 -30 0
-28 -29 0
-29 -30 0
124 125 126 0
-124 -126 0
-124 -125 0
-125 -126 0
1 2 3 0
-1 -3 0
-1 -2 0
-2 -3 0
121 122 123 0
-121 -123 0
-121 -122 0
-122 -123 0
115 116 117 0
-115 -117 0
-115 -116 0
-116 -117 0
121 122 123 0
-121 -123 0
-121 -122 0
-122 -123 0
112 113 114 0
-112 -114 0
-112 -113 0
-113 -114 0
121 122 123 0
-121 -123 0
-121 -122 0
-122 -123 0
97 98 99 0
-97 -99 0
-97 -98 0
-98 -99 0
121 122 123 0
-121 -123 0
-121 -122 0
-122 -123 0
94 95 96 0
-94 -96 0
-94 -95 0
-95 -96 0
121 122 123 0
-121 -123 0
-121 -122 0
-122 -123 0
91 92 93 0
-91 -93 0
-91 -92 0
-92 -93 0
121 122 123 0
-121 -123 0
-121 -122 0
-122 -123 0
79 80 81 0
-79 -81 0
-79 -80 0
-80 -81 0
121 122 123 0
-121 -123 0
-121 -122 0
-122 -123 0
73 74 75 0
-73 -75 0
-73 -74 0
-74 -75 0
121 122 123 0
-121 -123 0
-121 -122 0
-122 -123 0
70 71 72 0
-70 -72 0
-70 -71 0
-71 -72 0
121 122 123 0
-121 -123 0
-121 -122 0
-122 -123 0
52 53 54 0
-52 -54 0
-52 -53 0
-53 -54 0
121 122 123 0
-121 -123 0
-121 -122 0
-122 -123 0
49 50 51 0
-49 -51 0
-49 -50 0
-50 -51 0
121 122 123 0
-121 -123 0
-121 -122 0
-122 -123 0
40 41 42 0
-40 -42 0
-40 -41 0
-41 -42 0
121 122 123 0
-121 -123 0
-121 -122 0
-122 -123 0
37 38 39 0
-37 -39 0
-37 -38 0
-38 -39 0
121 122 123 0
-121 -123 0
-121 -122 0
-122 -123 0
34 35 36 0
-34 -36 0
-34 -35 0
-35 -36 0
121 122 123 0
-121 -123 0
-121 -122 0
-122 -123 0
25 26 27 0
-25 -27 0
-25 -26 0
-26 -27 0
121 122 123 0
-121 -123 0
-121 -122 0
-122 -123 0
16 17 18 0
-16 -18 0
-16 -17 0
-17 -18 0
121 122 123 0
-121 -123 0
-121 -122 0
-122 -123 0
7 8 9 0
-7 -9 0
-7 -8 0
-8 -9 0
118 119 120 0
-118 -120 0
-118 -119 0
-119 -120 0
109 110 111 0
-109 -111 0
-109 -110 0
-110 -111 0
118 119 120 0
-118 -120 0
-118 -119 0
-119 -120 0
103 104 105 0
-103 -105 0
-103 -104 0
-104 -105 0
118 119 120 0
-118 -120 0
-118 -119 0
-119 -120 0
100 101 102 0
-100 -102 0
-100 -101 0
-101 -102 0
118 119 120 0
-118 -120 0
-118 -119 0
-119 -120 0
88 89 90 0
-88 -90 0
-88 -89 0
-89 -90 0
118 119 120 0
-118 -120 0
-118 -119 0
-119 -120 0
82 83 84 0
-82 -84 0
-82 -83 0
-83 -84 0
118 119 120 0
-118 -120 0
-118 -119 0
-119 -120 0
76 77 78 0
-76 -78 0
-76 -77 0
-77 -78 0
118 119 120 0
-118 -120 0
-118 -119 0
-119 -120 0
67 68 69 0
-67 -69 0
-67 -68 0
-68 -69 0
118 119 120 0
-118 -120 0
-118 -119 0
-119 -120 0
58 59 60 0
-58 -60 0
-58 -59 0
-59 -60 0
118 119 120 0
-118 -120 0
-118 -119 0
-119 -120 0
55 56 57 0
-55 -57 0
-55 -56 0
-56 -57 0
118 119 120 0
-118 -120 0
-118 -119 0
-119 -120 0
43 44 45 0
-43 -45 0
-43 -44 0
-44 -45 0
118 119 120 0
-118 -120 0
-118 -119 0
-119 -120 0
37 38 39 0
-37 -39 0
-37 -38 0
-38 -39 0
118 119 120 0
-118 -120 0
-118 -119 0
-119 -120 0
28 29 30 0
-28 -30 0
-28 -29 0
-29 -30 0
118 119 120 0
-118 -120 0
-118 -119 0
-119 -120 0
22 23 24 0
-22 -24 0
-22 -23 0
-23 -24 0
118 119 120 0
-118 -120 0
-118 -119 0
-119 -120 0
19 20 21 0
-19 -21 0
-19 -20 0
-20 -21 0
118 119 120 0
-118 -120 0
-118 -119 0
-119 -120 0
13 14 15 0
-13 -15 0
-13 -14 0
-14 -15 0
118 119 120 0
-118 -120 0
-118 -119 0
-119 -120 0
10 11 12 0
-10 -12 0
-10 -11 0
-11 -12 0
118 119 120 0
-118 -120 0
-118 -119 0
-119 -120 0
1 2 3 0
-1 -3 0
-1 -2 0
-2 -3 0
115 116 117 0
-115 -117 0
-115 -116 0
-116 -117 0
112 113 114 0
-112 -114 0
-112 -113 0
-113 -114 0
115 116 117 0
-115 -117 0
-115 -116 0
-116 -117 0
109 110 111 0
-109 -111 0
-109 -110 0
-110 -111 0
115 116 117 0
-115 -117 0
-115 -116 0
-116 -117 0
97 98 99 0
-97 -99 0
-97 -98 0
-98 -99 0
115 116 117 0
-115 -117 0
-115 -116 0
-116 -117 0
94 95 96 0
-94 -96 0
-94 -95 0
-95 -96 0
115 116 117 0
-115 -117 0
-115 -116 0
-116 -117 0
76 77 78 0
-76 -78 0
-76 -77 0
-77 -78 0
115 116 117 0
-115 -117 0
-115 -116 0
-116 -117 0
70 71 72 0
-70 -72 0
-70 -71 0
-71 -72 0
115 116 117 0
-115 -117 0
-115 -116 0
-116 -117 0
64 65 66 0
-64 -66 0
-64 -65 0
-65 -66 0
115 116 117 0
-115 -117 0
-115 -116 0
-116 -117 0
61 62 63 0
-61 -63 0
-61 -62 0
-62 -63 0
115 116 117 0
-115 -117 0
-115 -116 0
-116 -117 0
52 53 54 0
-52 -54 0
-52 -53 0
-53 -54 0
115 116 117 0
-115 -117 0
-115 -116 0
-116 -117 0
49 50 51 0
-49 -51 0
-49 -50 0
-50 -51 0
115 116 117 0
-115 -117 0
-115 -116 0
-116 -117 0
46 47 48 0
-46 -48 0
-46 -47 0
-47 -48 0
115 116 117 0
-115 -117 0
-115 -116 0
-116 -117 0
40 41 42 0
-40 -42 0
-40 -41 0
-41 -42 0
115 116 117 0
-115 -117 0
-115 -116 0
-116 -117 0
34 35 36 0
-34 -36 0
-34 -35 0
-35 -36 0
115 116 117 0
-115 -117 0
-115 -116 0
-116 -117 0
25 26 27 0
-25 -27 0
-25 -26 0
-26 -27 0
115 116 117 0
-115 -117 0
-115 -116 0
-116 -117 0
16 17 18 0
-16 -18 0
-16 -17 0
-17 -18 0
115 116 117 0
-115 -117 0
-115 -116 0
-116 -117 0
13 14 15 0
-13 -15 0
-13 -14 0
-14 -15 0
115 116 117 0
-115 -117 0
-115 -116 0
-116 -117 0
7 8 9 0
-7 -9 0
-7 -8 0
-8 -9 0
112 113 114 0
-112 -114 0
-112 -113 0
-113 -114 0
100 101 102 0
-100 -102 0
-100 -101 0
-101 -102 0
112 113 114 0
-112 -114 0
-112 -113 0
-113 -114 0
97 98 99 0
-97 -99 0
-97 -98 0
-98 -99 0
112 113 114 0
-112 -114 0
-112 -113 0
-113 -114 0
94 95 96 0
-94 -96 0
-94 -95 0
-95 -96 0
112 113 114 0
-112 -114 0
-112 -113 0
-113 -114 0
91 92 93 0
-91 -93 0
-91 -92 0
-92 -93 0
112 113 114 0
-112 -114 0
-112 -113 0
-113 -114 0
88 89 90 0
-88 -90 0
-88 -89 0
-89 -90 0
112 113 114 0
-112 -114 0
-112 -113 0
-113 -114 0
79 80 81 0
-79 -81 0
-79 -80 0
-80 -81 0
112 113 114 0
-112 -114 0
-112 -113 0
-113 -114 0
76 77 78 0
-76 -78 0
-76 -77 0
-77 -78 0
112 113 114 0
-112 -114 0
-112 -113 0
-113 -114 0
73 74 75 0
-73 -75 0
-73 -74 0
-74 -75 0
112 113 114 0
-112 -114 0
-112 -113 0
-113 -114 0
58 59 60 0
-58 -60 0
-58 -59 0
-59 -60 0
112 113 114 0
-112 -114 0
-112 -113 0
-113 -114 0
52 53 54 0
-52 -54 0
-52 -53 0
-53 -54 0
112 113 114 0
-112 -114 0
-112 -113 0
-113 -114 0
49 50 51 0
-49 -51 0
-49 -50 0
-50 -51 0
112 113 114 0
-112 -114 0
-112 -113 0
-113 -114 0
46 47 48 0
-46 -48 0
-46 -47 0
-47 -48 0
112 113 114 0
-112 -114 0
-112 -113 0
-113 -114 0
37 38 39 0
-37 -39 0
-37 -38 0
-38 -39 0
112 113 114 0
-112 -114 0
-112 -113 0
-113 -114 0
34 35 36 0
-34 -36 0
-34 -35 0
-35 -36 0
112 113 114 0
-112 -114 0
-112 -113 0
-113 -114 0
25 26 27 0
-25 -27 0
-25 -26 0
-26 -27 0
112 113 114 0
-112 -114 0
-112 -113 0
-113 -114 0
16 17 18 0
-16 -18 0
-16 -17 0
-17 -18 0
112 113 114 0
-112 -114 0
-112 -113 0
-113 -114 0
13 14 15 0
-13 -15 0
-13 -14 0
-14 -15 0
112 113 114 0
-112 -114 0
-112 -113 0
-113 -114 0
10 11 12 0
-10 -12 0
-10 -11 0
-11 -12 0
112 113 114 0
-112 -114 0
-112 -113 0
-113 -114 0
7 8 9 0
-7 -9 0
-7 -8 0
-8 -9 0
109 110 111 0
-109 -111 0
-109 -110 0
-110 -111 0
103 104 105 0
-103 -105 0
-103 -104 0
-104 -105 0
109 110 111 0
-109 -111 0
-109 -110 0
-110 -111 0
100 101 102 0
-100 -102 0
-100 -101 0
-101 -102 0
109 110 111 0
-109 -111 0
-109 -110 0
-110 -111 0
91 92 93 0
-91 -93 0
-91 -92 0
-92 -93 0
109 110 111 0
-109 -111 0
-109 -110 0
-110 -111 0
88 89 90 0
-88 -90 0
-88 -89 0
-89 -90 0
109 110 111 0
-109 -111 0
-109 -110 0
-110 -111 0
85 86 87 0
-85 -87 0
-85 -86 0
-86 -87 0
109 110 111 0
-109 -111 0
-109 -110 0
-110 -111 0
79 80 81 0
-79 -81 0
-79 -80 0
-80 -81 0
109 110 111 0
-109 -111 0
-109 -110 0
-110 -111 0
58 59 60 0
-58 -60 0
-58 -59 0
-59 -60 0
109 110 111 0
-109 -111 0
-109 -110 0
-110 -111 0
40 41 42 0
-40 -42 0
-40 -41 0
-41 -42 0
109 110 111 0
-109 -111 0
-109 -110 0
-110 -111 0
22 23 24 0
-22 -24 0
-22 -23 0
-23 -24 0
109 110 111 0
-109 -111 0
-109 -110 0
-110 -111 0
19 20 21 0
-19 -21 0
-19 -20 0
-20 -21 0
109 110 111 0
-109 -111 0
-109 -110 0
-110 -111 0
16 17 18 0
-16 -18 0
-16 -17 0
-17 -18 0
109 110 111 0
-109 -111 0
-109 -110 0
-110 -111 0
7 8 9 0
-7 -9 0
-7 -8 0
-8 -9 0
106 107 108 0
-106 -108 0
-106 -107 0
-107 -108 0
100 101 102 0
-100 -102 0
-100 -101 0
-101 -102 0
106 107 108 0
-106 -108 0
-106 -107 0
-107 -108 0
94 95 96 0
-94 -96 0
-94 -95 0
-95 -96 0
106 107 108 0
-106 -108 0
-106 -107 0
-107 -108 0
91 92 93 0
-91 -93 0
-91 -92 0
-92 -93 0
106 107 108 0
-106 -108 0
-106 -107 0
-107 -108 0
79 80 81 0
-79 -81 0
-79 -80 0
-80 -81 0
106 107 108 0
-106 -108 0
-106 -107 0
-107 -108 0
76 77 78 0
-76 -78 0
-76 -77 0
-77 -78 0
106 107 108 0
-106 -108 0
-106 -107 0
-107 -108 0
70 71 72 0
-70 -72 0
-70 -71 0
-71 -72 0
106 107 108 0
-106 -108 0
-106 -107 0
-107 -108 0
67 68 69 0
-67 -69 0
-67 -68 0
-68 -69 0
106 107 108 0
-106 -108 0
-106 -107 0
-107 -108 0
61 62 63 0
-61 -63 0
-61 -62 0
-62 -63 0
106 107 108 0
-106 -108 0
-106 -107 0
-107 -108 0
58 59 60 0
-58 -60 0
-58 -59 0
-59 -60 0
106 107 108 0
-106 -108 0
-106 -107 0
-107 -108 0
55 56 57 0
-55 -57 0
-55 -56 0
-56 -57 0
106 107 108 0
-106 -108 0
-106 -107 0
-107 -108 0
52 53 54 0
-52 -54 0
-52 -53 0
-53 -54 0
106 107 108 0
-106 -108 0
-106 -107 0
-107 -108 0
49 50 51 0
-49 -51 0
-49 -50 0
-50 -51 0
106 107 108 0
-106 -108 0
-106 -107 0
-107 -108 0
46 47 48 0
-46 -48 0
-46 -47 0
-47 -48 0
106 107 108 0
-106 -108 0
-106 -107 0
-107 -108 0
40 41 42 0
-40 -42 0
-40 -41 0
-41 -42 0
106 107 108 0
-106 -108 0
-106 -107 0
-107 -108 0
34 35 36 0
-34 -36 0
-34 -35 0
-35 -36 0
106 107 108 0
-106 -108 0
-106 -107 0
-107 -108 0
31 32 33 0
-31 -33 0
-31 -32 0
-32 -33 0
106 107 108 0
-106 -108 0
-106 -107 0
-107 -108 0
28 29 30 0
-28 -30 0
-28 -29 0
-29 -30 0
106 107 108 0
-106 -108 0
-106 -107 0
-107 -108 0
25 26 27 0
-25 -27 0
-25 -26 0
-26 -27 0
106 107 108 0
-106 -108 0
-106 -107 0
-107 -108 0
22 23 24 0
-22 -24 0
-22 -23 0
-23 -24 0
106 107 108 0
-106 -108 0
-106 -107 0
-107 -108 0
19 20 21 0
-19 -21 0
-19 -20 0
-20 -21 0
106 107 108 0
-106 -108 0
-106 -107 0
-107 -108 0
1 2 3 0
-1 -3 0
-1 -2 0
-2 -3 0
103 104 105 0
-103 -105 0
-103 -104 0
-104 -105 0
91 92 93 0
-91 -93 0
-91 -92 0
-92 -93 0
103 104 105 0
-103 -105 0
-103 -104 0
-104 -105 0
88 89 90 0
-88 -90 0
-88 -89 0
-89 -90 0
103 104 105 0
-103 -105 0
-103 -104 0
-104 -105 0
85 86 87 0
-85 -87 0
-85 -86 0
-86 -87 0
103 104 105 0
-103 -105 0
-103 -104 0
-104 -105 0
82 83 84 0
-82 -84 0
-82 -83 0
-83 -84 0
103 104 105 0
-103 -105 0
-103 -104 0
-104 -105 0
73 74 75 0
-73 -75 0
-73 -74 0
-74 -75 0
103 104 105 0
-103 -105 0
-103 -104 0
-104 -105 0
67 68 69 0
-67 -69 0
-67 -68 0
-68 -69 0
103 104 105 0
-103 -105 0
-103 -104 0
-104 -105 0
61 62 63 0
-61 -63 0
-61 -62 0
-62 -63 0
103 104 105 0
-103 -105 0
-103 -104 0
-104 -105 0
37 38 39 0
-37 -39 0
-37 -38 0
-38 -39 0
103 104 105 0
-103 -105 0
-103 -104 0
-104 -105 0
31 32 33 0
-31 -33 0
-31 -32 0
-32 -33 0
103 104 105 0
-103 -105 0
-103 -104 0
-104 -105 0
28 29 30 0
-28 -30 0
-28 -29 0
-29 -30 0
103 104 105 0
-103 -105 0
-103 -104 0
-104 -105 0
19 20 21 0
-19 -21 0
-19 -20 0
-20 -21 0
103 104 105 0
-103 -105 0
-103 -104 0
-104 -105 0
16 17 18 0
-16 -18 0
-16 -17 0
-17 -18 0
103 104 105 0
-103 -105 0
-103 -104 0
-104 -105 0
7 8 9 0
-7 -9 0
-7 -8 0
-8 -9 0
103 104 105 0
-103 -105 0
-103 -104 0
-104 -105 0
4 5 6 0
-4 -6 0
-4 -5 0
-5 -6 0
100 101 102 0
-100 -102 0
-100 -101 0
-101 -102 0
91 92 93 0
-91 -93 0
-91 -92 0
-92 -93 0
100 101 102 0
-100 -102 0
-100 -101 0
-101 -102 0
88 89 90 0
-88 -90 0
-88 -89 0
-89 -90 0
100 101 102 0
-100 -102 0
-100 -101 0
-101 -102 0
85 86 87 0
-85 -87 0
-85 -86 0
-86 -87 0
100 101 102 0
-100 -102 0
-100 -101 0
-101 -102 0
79 80 81 0
-79 -81 0
-79 -80 0
-80 -81 0
100 101 102 0
-100 -102 0
-100 -101 0
-101 -102 0
73 74 75 0
-73 -75 0
-73 -74 0
-74 -75 0
100 101 102 0
-100 -102 0
-100 -101 0
-101 -102 0
52 53 54 0
-52 -54 0
-52 -53 0
-53 -54 0
100 101 102 0
-100 -102 0
-100 -101 0
-101 -102 0
49 50 51 0
-49 -51 0
-49 -50 0
-50 -51 0
100 101 102 0
-100 -102 0
-100 -101 0
-101 -102 0
37 38 39 0
-37 -39 0
-37 -38 0
-38 -39 0
100 101 102 0
-100 -102 0
-100 -101 0
-101 -102 0
31 32 33 0
-31 -33 0
-31 -32 0
-32 -33 0
100 101 102 0
-100 -102 0
-100 -101 0
-101 -102 0
28 29 30 0
-28 -30 0
-28 -29 0
-29 -30 0
100 101 102 0
-100 -102 0
-100 -101 0
-101 -102 0
25 26 27 0
-25 -27 0
-25 -26 0
-26 -27 0
100 101 102 0
-100 -102 0
-100 -101 0
-101 -102 0
19 20 21 0
-19 -21 0
-19 -20 0
-20 -21 0
97 98 99 0
-97 -99 0
-97 -98 0
-98 -99 0
94 95 96 0
-94 -96 0
-94 -95 0
-95 -96 0
97 98 99 0
-97 -99 0
-97 -98 0
-98 -99 0
82 83 84 0
-82 -84 0
-82 -83 0
-83 -84 0
97 98 99 0
-97 -99 0
-97 -98 0
-98 -99 0
79 80 81 0
-79 -81 0
-79 -80 0
-80 -81 0
97 98 99 0
-97 -99 0
-97 -98 0
-98 -99 0
76 77 78 0
-76 -78 0
-76 -77 0
-77 -78 0
97 98 99 0
-97 -99 0
-97 -98 0
-98 -99 0
70 71 72 0
-70 -72 0
-70 -71 0
-71 -72 0
97 98 99 0
-97 -99 0
-97 -98 0
-98 -99 0
64 65 66 0
-64 -66 0
-64 -65 0
-65 -66 0
97 98 99 0
-97 -99 0
-97 -98 0
-98 -99 0
61 62 63 0
-61 -63 0
-61 -62 0
-62 -63 0
97 98 99 0
-97 -99 0
-97 -98 0
-98 -99 0
49 50 51 0
-49 -51 0
-49 -50 0
-50 -51 0
97 98 99 0
-97 -99 0
-97 -98 0
-98 -99 0
46 47 48 0
-46 -48 0
-46 -47 0
-47 -48 0
97 98 99 0
-97 -99 0
-97 -98 0
-98 -99 0
43 44 45 0
-43 -45 0
-43 -44 0
-44 -45 0
97 98 99 0
-97 -99 0
-97 -98 0
-98 -99 0
40 41 42 0
-40 -42 0
-40 -41 0
-41 -42 0
97 98 99 0
-97 -99 0
-97 -98 0
-98 -99 0
34 35 36 0
-34 -36 0
-34 -35 0
-35 -36 0
97 98 99 0
-97 -99 0
-97 -98 0
-98 -99 0
25 26 27 0
-25 -27 0
-25 -26 0
-26 -27 0
97 98 99 0
-97 -99 0
-97 -98 0
-98 -99 0
16 17 18 0
-16 -18 0
-16 -17 0
-17 -18 0
94 95 96 0
-94 -96 0
-94 -95 0
-95 -96 0
82 83 84 0
-82 -84 0
-82 -83 0
-83 -84 0
94 95 96 0
-94 -96 0
-94 -95 0
-95 -96 0
79 80 81 0
-79 -81 0
-79 -80 0
-80 -81 0
94 95 96 0
-94 -96 0
-94 -95 0
-95 -96 0
76 77 78 0
-76 -78 0
-76 -77 0
-77 -78 0
94 95 96 0
-94 -96 0
-94 -95 0
-95 -96 0
73 74 75 0
-73 -75 0
-73 -74 0
-74 -75 0
94 95 96 0
-94 -96 0
-94 -95 0
-95 -96 0
64 65 66 0
-64 -66 0
-64 -65 0
-65 -66 0
94 95 96 0
-94 -96 0
-94 -95 0
-95 -96 0
58 59 60 0
-58 -60 0
-58 -59 0
-59 -60 0
94 95 96 0
-94 -96 0
-94 -95 0
-95 -96 0
55 56 57 0
-55 -57 0
-55 -56 0
-56 -57 0
94 95 96 0
-94 -96 0
-94 -95 0
-95 -96 0
52 53 54 0
-52 -54 0
-52 -53 0
-53 -54 0
94 95 96 0
-94 -96 0
-94 -95 0
-95 -96 0
49 50 51 0
-49 -51 0
-49 -50 0
-50 -51 0
94 95 96 0
-94 -96 0
-94 -95 0
-95 -96 0
46 47 48 0
-46 -48 0
-46 -47 0
-47 -48 0
94 95 96 0
-94 -96 0
-94 -95 0
-95 -96 0
43 44 45 0
-43 -45 0
-43 -44 0
-44 -45 0
94 95 96 0
-94 -96 0
-94 -95 0
-95 -96 0
37 38 39 0
-37 -39 0
-37 -38 0
-38 -39 0
94 95 96 0
-94 -96 0
-94 -95 0
-95 -96 0
31 32 33 0
-31 -33 0
-31 -32 0
-32 -33 0
94 95 96 0
-94 -96 0
-94 -95 0
-95 -96 0
28 29 30 0
-28 -30 0
-28 -29 0
-29 -30 0
94 95 96 0
-94 -96 0
-94 -95 0
-95 -96 0
10 11 12 0
-10 -12 0
-10 -11 0
-11 -12 0
94 95 96 0
-94 -96 0
-94 -95 0
-95 -96 0
1 2 3 0
-1 -3 0
-1 -2 0
-2 -3 0
91 92 93 0
-91 -93 0
-91 -92 0
-92 -93 0
88 89 90 0
-88 -90 0
-88 -89 0
-89 -90 0
91 92 93 0
-91 -93 0
-91 -92 0
-92 -93 0
58 59 60 0
-58 -60 0
-58 -59 0
-59 -60 0
91 92 93 0
-91 -93 0
-91 -92 0
-92 -93 0
55 56 57 0
-55 -57 0
-55 -56 0
-56 -57 0
91 92 93 0
-91 -93 0
-91 -92 0
-92 -93 0
52 53 54 0
-52 -54 0
-52 -53 0
-53 -54 0
91 92 93 0
-91 -93 0
-91 -92 0
-92 -93 0
37 38 39 0
-37 -39 0
-37 -38 0
-38 -39 0
91 92 93 0
-91 -93 0
-91 -92 0
-92 -93 0
28 29 30 0
-28 -30 0
-28 -29 0
-29 -30 0
91 92 93 0
-91 -93 0
-91 -92 0
-92 -93 0
25 26 27 0
-25 -27 0
-25 -26 0
-26 -27 0
91 92 93 0
-91 -93 0
-91 -92 0
-92 -93 0
22 23 24 0
-22 -24 0
-22 -23 0
-23 -24 0
91 92 93 0
-91 -93 0
-91 -92 0
-92 -93 0
19 20 21 0
-19 -21 0
-19 -20 0
-20 -21 0
91 92 93 0
-91 -93 0
-91 -92 0
-92 -93 0
13 14 15 0
-13 -15 0
-13 -14 0
-14 -15 0
91 92 93 0
-91 -93 0
-91 -92 0
-92 -93 0
10 11 12 0
-10 -12 0
-10 -11 0
-11 -12 0
88 89 90 0
-88 -90 0
-88 -89 0
-89 -90 0
85 86 87 0
-85 -87 0
-85 -86 0
-86 -87 0
88 89 90 0
-88 -90 0
-88 -89 0
-89 -90 0
79 80 81 0
-79 -81 0
-79 -80 0
-80 -81 0
88 89 90 0
-88 -90 0
-88 -89 0
-89 -90 0
73 74 75 0
-73 -75 0
-73 -74 0
-74 -75 0
88 89 90 0
-88 -90 0
-88 -89 0
-89 -90 0
58 59 60 0
-58 -60 0
-58 -59 0
-59 -60 0
88 89 90 0
-88 -90 0
-88 -89 0
-89 -90 0
55 56 57 0
-55 -57 0
-55 -56 0
-56 -57 0
88 89 90 0
-88 -90 0
-88 -89 0
-89 -90 0
49 50 51 0
-49 -51 0
-49 -50 0
-50 -51 0
88 89 90 0
-88 -90 0
-88 -89 0
-89 -90 0
37 38 39 0
-37 -39 0
-37 -38 0
-38 -39 0
88 89 90 0
-88 -90 0
-88 -89 0
-89 -90 0
31 32 33 0
-31 -33 0
-31 -32 0
-32 -33 0
88 89 90 0
-88 -90 0
-88 -89 0
-89 -90 0
28 29 30 0
-28 -30 0
-28 -29 0
-29 -30 0
88 89 90 0
-88 -90 0
-88 -89 0
-89 -90 0
25 26 27 0
-25 -27 0
-25 -26 0
-26 -27 0
88 89 90 0
-88 -90 0
-88 -89 0
-89 -90 0
22 23 24 0
-22 -24 0
-22 -23 0
-23 -24 0
88 89 90 0
-88 -90 0
-88 -89 0
-89 -90 0
19 20 21 0
-19 -21 0
-19 -20 0
-20 -21 0
88 89 90 0
-88 -90 0
-88 -89 0
-89 -90 0
13 14 15 0
-13 -15 0
-13 -14 0
-14 -15 0
88 89 90 0
-88 -90 0
-88 -89 0
-89 -90 0
4 5 6 0
-4 -6 0
-4 -5 0
-5 -6 0
85 86 87 0
-85 -87 0
-85 -86 0
-86 -87 0
67 68 69 0
-67 -69 0
-67 -68 0
-68 -69 0
85 86 87 0
-85 -87 0
-85 -86 0
-86 -87 0
61 62 63 0
-61 -63 0
-61 -62 0
-62 -63 0
85 86 87 0
-85 -87 0
-85 -86 0
-86 -87 0
58 59 60 0
-58 -60 0
-58 -59 0
-59 -60 0
85 86 87 0
-85 -87 0
-85 -86 0
-86 -87 0
55 56 57 0
-55 -57 0
-55 -56 0
-56 -57 0
85 86 87 0
-85 -87 0
-85 -86 0
-86 -87 0
37 38 39 0
-37 -39 0
-37 -38 0
-38 -39 0
85 86 87 0
-85 -87 0
-85 -86 0
-86 -87 0
28 29 30 0
-28 -30 0
-28 -29 0
-29 -30 0
85 86 87 0
-85 -87 0
-85 -86 0
-86 -87 0
22 23 24 0
-22 -24 0
-22 -23 0
-23 -24 0
85 86 87 0
-85 -87 0
-85 -86 0
-86 -87 0
19 20 21 0
-19 -21 0
-19 -20 0
-20 -21 0
85 86 87 0
-85 -87 0
-85 -86 0
-86 -87 0
4 5 6 0
-4 -6 0
-4 -5 0
-5 -6 0
85 86 87 0
-85 -87 0
-85 -86 0
-86 -87 0
1 2 3 0
-1 -3 0
-1 -2 0
-2 -3 0
82 83 84 0
-82 -84 0
-82 -83 0
-83 -84 0
76 77 78 0
-76 -78 0
-76 -77 0
-77 -78 0
82 83 84 0
-82 -84 0
-82 -83 0
-83 -84 0
73 74 75 0
-73 -75 0
-73 -74 0
-74 -75 0
82 83 84 0
-82 -84 0
-82 -83 0
-83 -84 0
67 68 69 0
-67 -69 0
-67 -68 0
-68 -69 0
82 83 84 0
-82 -84 0
-82 -83 0
-83 -84 0
61 62 63 0
-61 -63 0
-61 -62 0
-62 -63 0
82 83 84 0
-82 -84 0
-82 -83 0
-83 -84 0
55 56 57 0
-55 -57 0
-55 -56 0
-56 -57 0
82 83 84 0
-82 -84 0
-82 -83 0
-83 -84 0
52 53 54 0
-52 -54 0
-52 -53 0
-53 -54 0
82 83 84 0
-82 -84 0
-82 -83 0
-83 -84 0
46 47 48 0
-46 -48 0
-46 -47 0
-47 -48 0
82 83 84 0
-82 -84 0
-82 -83 0
-83 -84 0
37 38 39 0
-37 -39 0
-37 -38 0
-38 -39 0
82 83 84 0
-82 -84 0
-82 -83 0
-83 -84 0
34 35 36 0
-34 -36 0
-34 -35 0
-35 -36 0
82 83 84 0
-82 -84 0
-82 -83 0
-83 -84 0
31 32 33 0
-31 -33 0
-31 -32 0
-32 -33 0
82 83 84 0
-82 -84 0
-82 -83 0
-83 -84 0
28 29 30 0
-28 -30 0
-28 -29 0
-29 -30 0
82 83 84 0
-82 -84 0
-82 -83 0
-83 -84 0
16 17 18 0
-16 -18 0
-16 -17 0
-17 -18 0
82 83 84 0
-82 -84 0
-82 -83 0
-83 -84 0
13 14 15 0
-13 -15 0
-13 -14 0
-14 -15 0
82 83 84 0
-82 -84 0
-82 -83 0
-83 -84 0
10 11 12 0
-10 -12 0
-10 -11 0
-11 -12 0
82 83 84 0
-82 -84 0
-82 -83 0
-83 -84 0
4 5 6 0
-4 -6 0
-4 -5 0
-5 -6 0
82 83 84 0
-82 -84 0
-82 -83 0
-83 -84 0
1 2 3 0
-1 -3 0
-1 -2 0
-2 -3 0
79 80 81 0
-79 -81 0
-79 -80 0
-80 -81 0
76 77 78 0
-76 -78 0
-76 -77 0
-77 -78 0
79 80 81 0
-79 -81 0
-79 -80 0
-80 -81 0
70 71 72 0
-70 -72 0
-70 -71 0
-71 -72 0
79 80 81 0
-79 -81 0
-79 -80 0
-80 -81 0
61 62 63 0
-61 -63 0
-61 -62 0
-62 -63 0
79 80 81 0
-79 -81 0
-79 -80 0
-80 -81 0
58 59 60 0
-58 -60 0
-58 -59 0
-59 -60 0
79 80 81 0
-79 -81 0
-79 -80 0
-80 -81 0
55 56 57 0
-55 -57 0
-55 -56 0
-56 -57 0
79 80 81 0
-79 -81 0
-79 -80 0
-80 -81 0
52 53 54 0
-52 -54 0
-52 -53 0
-53 -54 0
79 80 81 0
-79 -81 0
-79 -80 0
-80 -81 0
46 47 48 0
-46 -48 0
-46 -47 0
-47 -48 0
79 80 81 0
-79 -81 0
-79 -80 0
-80 -81 0
40 41 42 0
-40 -42 0
-40 -41 0
-41 -42 0
79 80 81 0
-79 -81 0
-79 -80 0
-80 -81 0
34 35 36 0
-34 -36 0
-34 -35 0
-35 -36 0
79 80 81 0
-79 -81 0
-79 -80 0
-80 -81 0
25 26 27 0
-25 -27 0
-25 -26 0
-26 -27 0
79 80 81 0
-79 -81 0
-79 -80 0
-80 -81 0
22 23 24 0
-22 -24 0
-22 -23 0
-23 -24 0
79 80 81 0
-79 -81 0
-79 -80 0
-80 -81 0
19 20 21 0
-19 -21 0
-19 -20 0
-20 -21 0
79 80 81 0
-79 -81 0
-79 -80 0
-80 -81 0
1 2 3 0
-1 -3 0
-1 -2 0
-2 -3 0
76 77 78 0
-76 -78 0
-76 -77 0
-77 -78 0
73 74 75 0
-73 -75 0
-73 -74 0
-74 -75 0
76 77 78 0
-76 -78 0
-76 -77 0
-77 -78 0
70 71 72 0
-70 -72 0
-70 -71 0
-71 -72 0
76 77 78 0
-76 -78 0
-76 -77 0
-77 -78 0
67 68 69 0
-67 -69 0
-67 -68 0
-68 -69 0
76 77 78 0
-76 -78 0
-76 -77 0
-77 -78 0
64 65 66 0
-64 -66 0
-64 -65 0
-65 -66 0
76 77 78 0
-76 -78 0
-76 -77 0
-77 -78 0
55 56 57 0
-55 -57 0
-55 -56 0
-56 -57 0
76 77 78 0
-76 -78 0
-76 -77 0
-77 -78 0
52 53 54 0
-52 -54 0
-52 -53 0
-53 -54 0
76 77 78 0
-76 -78 0
-76 -77 0
-77 -78 0
49 50 51 0
-49 -51 0
-49 -50 0
-50 -51 0
76 77 78 0
-76 -78 0
-76 -77 0
-77 -78 0
43 44 45 0
-43 -45 0
-43 -44 0
-44 -45 0
76 77 78 0
-76 -78 0
-76 -77 0
-77 -78 0
37 38 39 0
-37 -39 0
-37 -38 0
-38 -39 0
76 77 78 0
-76 -78 0
-76 -77 0
-77 -78 0
34 35 36 0
-34 -36 0
-34 -35 0
-35 -36 0
76 77 78 0
-76 -78 0
-76 -77 0
-77 -78 0
31 32 33 0
-31 -33 0
-31 -32 0
-32 -33 0
76 77 78 0
-76 -78 0
-76 -77 0
-77 -78 0
28 29 30 0
-28 -30 0
-28 -29 0
-29 -30 0
76 77 78 0
-76 -78 0
-76 -77 0
-77 -78 0
25 26 27 0
-25 -27 0
-25 -26 0
-26 -27 0
76 77 78 0
-76 -78 0
-76 -77 0
-77 -78 0
4 5 6 0
-4 -6 0
-4 -5 0
-5 -6 0
76 77 78 0
-76 -78 0
-76 -77 0
-77 -78 0
1 2 3 0
-1 -3 0
-1 -2 0
-2 -3 0
73 74 75 0
-73 -75 0
-73 -74 0
-74 -75 0
64 65 66 0
-64 -66 0
-64 -65 0
-65 -66 0
73 74 75 0
-73 -75 0
-73 -74 0
-74 -75 0
58 59 60 0
-58 -60 0
-58 -59 0
-59 -60 0
73 74 75 0
-73 -75 0
-73 -74 0
-74 -75 0
55 56 57 0
-55 -57 0
-55 -56 0
-56 -57 0
73 74 75 0
-73 -75 0
-73 -74 0
-74 -75 0
43 44 45 0
-43 -45 0
-43 -44 0
-44 -45 0
73 74 75 0
-73 -75 0
-73 -74 0
-74 -75 0
37 38 39 0
-37 -39 0
-37 -38 0
-38 -39 0
73 74 75 0
-73 -75 0
-73 -74 0
-74 -75 0
28 29 30 0
-28 -30 0
-28 -29 0
-29 -30 0
73 74 75 0
-73 -75 0
-73 -74 0
-74 -75 0
25 26 27 0
-25 -27 0
-25 -26 0
-26 -27 0
73 74 75 0
-73 -75 0
-73 -74 0
-74 -75 0
22 23 24 0
-22 -24 0
-22 -23 0
-23 -24 0
73 74 75 0
-73 -75 0
-73 -74 0
-74 -75 0
19 20 21 0
-19 -21 0
-19 -20 0
-20 -21 0
73 74 75 0
-73 -75 0
-73 -74 0
-74 -75 0
13 14 15 0
-13 -15 0
-13 -14 0
-14 -15 0
73 74 75 0
-73 -75 0
-73 -74 0
-74 -75 0
10 11 12 0
-10 -12 0
-10 -11 0
-11 -12 0
73 74 75 0
-73 -75 0
-73 -74 0
-74 -75 0
1 2 3 0
-1 -3 0
-1 -2 0
-2 -3 0
70 71 72 0
-70 -72 0
-70 -71 0
-71 -72 0
67 68 69 0
-67 -69 0
-67 -68 0
-68 -69 0
70 71 72 0
-70 -72 0
-70 -71 0
-71 -72 0
64 65 66 0
-64 -66 0
-64 -65 0
-65 -66 0
70 71 72 0
-70 -72 0
-70 -71 0
-71 -72 0
61 62 63 0
-61 -63 0
-61 -62 0
-62 -63 0
70 71 72 0
-70 -72 0
-70 -71 0
-71 -72 0
58 59 60 0
-58 -60 0
-58 -59 0
-59 -60 0
70 71 72 0
-70 -72 0
-70 -71 0
-71 -72 0
46 47 48 0
-46 -48 0
-46 -47 0
-47 -48 0
70 71 72 0
-70 -72 0
-70 -71 0
-71 -72 0
40 41 42 0
-40 -42 0
-40 -41 0
-41 -42 0
70 71 72 0
-70 -72 0
-70 -71 0
-71 -72 0
22 23 24 0
-22 -24 0
-22 -23 0
-23 -24 0
70 71 72 0
-70 -72 0
-70 -71 0
-71 -72 0
19 20 21 0
-19 -21 0
-19 -20 0
-20 -21 0
70 71 72 0
-70 -72 0
-70 -71 0
-71 -72 0
7 8 9 0
-7 -9 0
-7 -8 0
-8 -9 0
67 68 69 0
-67 -69 0
-67 -68 0
-68 -69 0
64 65 66 0
-64 -66 0
-64 -65 0
-65 -66 0
67 68 69 0
-67 -69 0
-67 -68 0
-68 -69 0
61 62 63 0
-61 -63 0
-61 -62 0
-62 -63 0
67 68 69 0
-67 -69 0
-67 -68 0
-68 -69 0
43 44 45 0
-43 -45 0
-43 -44 0
-44 -45 0
67 68 69 0
-67 -69 0
-67 -68 0
-68 -69 0
40 41 42 0
-40 -42 0
-40 -41 0
-41 -42 0
67 68 69 0
-67 -69 0
-67 -68 0
-68 -69 0
34 35 36 0
-34 -36 0
-34 -35 0
-35 -36 0
67 68 69 0
-67 -69 0
-67 -68 0
-68 -69 0
31 32 33 0
-31 -33 0
-31 -32 0
-32 -33 0
67 68 69 0
-67 -69 0
-67 -68 0
-68 -69 0
28 29 30 0
-28 -30 0
-28 -29 0
-29 -30 0
67 68 69 0
-67 -69 0
-67 -68 0
-68 -69 0
4 5 6 0
-4 -6 0
-4 -5 0
-5 -6 0
67 68 69 0
-67 -69 0
-67 -68 0
-68 -69 0
1 2 3 0
-1 -3 0
-1 -2 0
-2 -3 0
64 65 66 0
-64 -66 0
-64 -65 0
-65 -66 0
61 62 63 0
-61 -63 0
-61 -62 0
-62 -63 0
64 65 66 0
-64 -66 0
-64 -65 0
-65 -66 0
55 56 57 0
-55 -57 0
-55 -56 0
-56 -57 0
64 65 66 0
-64 -66 0
-64 -65 0
-65 -66 0
52 53 54 0
-52 -54 0
-52 -53 0
-53 -54 0
64 65 66 0
-64 -66 0
-64 -65 0
-65 -66 0
49 50 51 0
-49 -51 0
-49 -50 0
-50 -51 0
64 65 66 0
-64 -66 0
-64 -65 0
-65 -66 0
46 47 48 0
-46 -48 0
-46 -47 0
-47 -48 0
64 65 66 0
-64 -66 0
-64 -65 0
-65 -66 0
37 38 39 0
-37 -39 0
-37 -38 0
-38 -39 0
64 65 66 0
-64 -66 0
-64 -65 0
-65 -66 0
34 35 36 0
-34 -36 0
-34 -35 0
-35 -36 0
64 65 66 0
-64 -66 0
-64 -65 0
-65 -66 0
31 32 33 0
-31 -33 0
-31 -32 0
-32 -33 0
64 65 66 0
-64 -66 0
-64 -65 0
-65 -66 0
25 26 27 0
-25 -27 0
-25 -26 0
-26 -27 0
64 65 66 0
-64 -66 0
-64 -65 0
-65 -66 0
13 14 15 0
-13 -15 0
-13 -14 0
-14 -15 0
64 65 66 0
-64 -66 0
-64 -65 0
-65 -66 0
10 11 12 0
-10 -12 0
-10 -11 0
-11 -12 0
64 65 66 0
-64 -66 0
-64 -65 0
-65 -66 0
4 5 6 0
-4 -6 0
-4 -5 0
-5 -6 0
64 65 66 0
-64 -66 0
-64 -65 0
-65 -66 0
1 2 3 0
-1 -3 0
-1 -2 0
-2 -3 0
61 62 63 0
-61 -63 0
-61 -62 0
-62 -63 0
34 35 36 0
-34 -36 0
-34 -35 0
-35 -36 0
61 62 63 0
-61 -63 0
-61 -62 0
-62 -63 0
28 29 30 0
-28 -30 0
-28 -29 0
-29 -30 0
61 62 63 0
-61 -63 0
-61 -62 0
-62 -63 0
4 5 6 0
-4 -6 0
-4 -5 0
-5 -6 0
61 62 63 0
-61 -63 0
-61 -62 0
-62 -63 0
1 2 3 0
-1 -3 0
-1 -2 0
-2 -3 0
58 59 60 0
-58 -60 0
-58 -59 0
-59 -60 0
52 53 54 0
-52 -54 0
-52 -53 0
-53 -54 0
58 59 60 0
-58 -60 0
-58 -59 0
-59 -60 0
49 50 51 0
-49 -51 0
-49 -50 0
-50 -51 0
58 59 60 0
-58 -60 0
-58 -59 0
-59 -60 0
40 41 42 0
-40 -42 0
-40 -41 0
-41 -42 0
58 59 60 0
-58 -60 0
-58 -59 0
-59 -60 0
37 38 39 0
-37 -39 0
-37 -38 0
-38 -39 0
58 59 60 0
-58 -60 0
-58 -59 0
-59 -60 0
25 26 27 0
-25 -27 0
-25 -26 0
-26 -27 0
58 59 60 0
-58 -60 0
-58 -59 0
-59 -60 0
19 20 21 0
-19 -21 0
-19 -20 0
-20 -21 0
58 59 60 0
-58 -60 0
-58 -59 0
-59 -60 0
1 2 3 0
-1 -3 0
-1 -2 0
-2 -3 0
55 56 57 0
-55 -57 0
-55 -56 0
-56 -57 0
52 53 54 0
-52 -54 0
-52 -53 0
-53 -54 0
55 56 57 0
-55 -57 0
-55 -56 0
-56 -57 0
46 47 48 0
-46 -48 0
-46 -47 0
-47 -48 0
55 56 57 0
-55 -57 0
-55 -56 0
-56 -57 0
43 44 45 0
-43 -45 0
-43 -44 0
-44 -45 0
55 56 57 0
-55 -57 0
-55 -56 0
-56 -57 0
37 38 39 0
-37 -39 0
-37 -38 0
-38 -39 0
55 56 57 0
-55 -57 0
-55 -56 0
-56 -57 0
34 35 36 0
-34 -36 0
-34 -35 0
-35 -36 0
55 56 57 0
-55 -57 0
-55 -56 0
-56 -57 0
31 32 33 0
-31 -33 0
-31 -32 0
-32 -33 0
55 56 57 0
-55 -57 0
-55 -56 0
-56 -57 0
13 14 15 0
-13 -15 0
-13 -14 0
-14 -15 0
55 56 57 0
-55 -57 0
-55 -56 0
-56 -57 0
10 11 12 0
-10 -12 0
-10 -11 0
-11 -12 0
52 53 54 0
-52 -54 0
-52 -53 0
-53 -54 0
49 50 51 0
-49 -51 0
-49 -50 0
-50 -51 0
52 53 54 0
-52 -54 0
-52 -53 0
-53 -54 0
46 47 48 0
-46 -48 0
-46 -47 0
-47 -48 0
52 53 54 0
-52 -54 0
-52 -53 0
-53 -54 0
43 44 45 0
-43 -45 0
-43 -44 0
-44 -45 0
52 53 54 0
-52 -54 0
-52 -53 0
-53 -54 0
34 35 36 0
-34 -36 0
-34 -35 0
-35 -36 0
52 53 54 0
-52 -54 0
-52 -53 0
-53 -54 0
31 32 33 0
-31 -33 0
-31 -32 0
-32 -33 0
52 53 54 0
-52 -54 0
-52 -53 0
-53 -54 0
28 29 30 0
-28 -30 0
-28 -29 0
-29 -30 0
52 53 54 0
-52 -54 0
-52 -53 0
-53 -54 0
25 26 27 0
-25 -27 0
-25 -26 0
-26 -27 0
52 53 54 0
-52 -54 0
-52 -53 0
-53 -54 0
19 20 21 0
-19 -21 0
-19 -20 0
-20 -21 0
52 53 54 0
-52 -54 0
-52 -53 0
-53 -54 0
1 2 3 0
-1 -3 0
-1 -2 0
-2 -3 0
49 50 51 0
-49 -51 0
-49 -50 0
-50 -51 0
46 47 48 0
-46 -48 0
-46 -47 0
-47 -48 0
49 50 51 0
-49 -51 0
-49 -50 0
-50 -51 0
34 35 36 0
-34 -36 0
-34 -35 0
-35 -36 0
49 50 51 0
-49 -51 0
-49 -50 0
-50 -51 0
25 26 27 0
-25 -27 0
-25 -26 0
-26 -27 0
49 50 51 0
-49 -51 0
-49 -50 0
-50 -51 0
22 23 24 0
-22 -24 0
-22 -23 0
-23 -24 0
49 50 51 0
-49 -51 0
-49 -50 0
-50 -51 0
19 20 21 0
-19 -21 0
-19 -20 0
-20 -21 0
49 50 51 0
-49 -51 0
-49 -50 0
-50 -51 0
16 17 18 0
-16 -18 0
-16 -17 0
-17 -18 0
49 50 51 0
-49 -51 0
-49 -50 0
-50 -51 0
13 14 15 0
-13 -15 0
-13 -14 0
-14 -15 0
49 50 51 0
-49 -51 0
-49 -50 0
-50 -51 0
1 2 3 0
-1 -3 0
-1 -2 0
-2 -3 0
46 47 48 0
-46 -48 0
-46 -47 0
-47 -48 0
43 44 45 0
-43 -45 0
-43 -44 0
-44 -45 0
46 47 48 0
-46 -48 0
-46 -47 0
-47 -48 0
40 41 42 0
-40 -42 0
-40 -41 0
-41 -42 0
46 47 48 0
-46 -48 0
-46 -47 0
-47 -48 0
34 35 36 0
-34 -36 0
-34 -35 0
-35 -36 0
46 47 48 0
-46 -48 0
-46 -47 0
-47 -48 0
25 26 27 0
-25 -27 0
-25 -26 0
-26 -27 0
46 47 48 0
-46 -48 0
-46 -47 0
-47 -48 0
7 8 9 0
-7 -9 0
-7 -8 0
-8 -9 0
46 47 48 0
-46 -48 0
-46 -47 0
-47 -48 0
1 2 3 0
-1 -3 0
-1 -2 0
-2 -3 0
43 44 45 0
-43 -45 0
-43 -44 0
-44 -45 0
37 38 39 0
-37 -39 0
-37 -38 0
-38 -39 0
43 44 45 0
-43 -45 0
-43 -44 0
-44 -45 0
34 35 36 0
-34 -36 0
-34 -35 0
-35 -36 0
43 44 45 0
-43 -45 0
-43 -44 0
-44 -45 0
31 32 33 0
-31 -33 0
-31 -32 0
-32 -33 0
43 44 45 0
-43 -45 0
-43 -44 0
-44 -45 0
28 29 30 0
-28 -30 0
-28 -29 0
-29 -30 0
43 44 45 0
-43 -45 0
-43 -44 0
-44 -45 0
16 17 18 0
-16 -18 0
-16 -17 0
-17 -18 0
43 44 45 0
-43 -45 0
-43 -44 0
-44 -45 0
13 14 15 0
-13 -15 0
-13 -14 0
-14 -15 0
43 44 45 0
-43 -45 0
-43 -44 0
-44 -45 0
10 11 12 0
-10 -12 0
-10 -11 0
-11 -12 0
43 44 45 0
-43 -45 0
-43 -44 0
-44 -45 0
4 5 6 0
-4 -6 0
-4 -5 0
-5 -6 0
43 44 45 0
-43 -45 0
-43 -44 0
-44 -45 0
1 2 3 0
-1 -3 0
-1 -2 0
-2 -3 0
40 41 42 0
-40 -42 0
-40 -41 0
-41 -42 0
34 35 36 0
-34 -36 0
-34 -35 0
-35 -36 0
40 41 42 0
-40 -42 0
-40 -41 0
-41 -42 0
22 23 24 0
-22 -24 0
-22 -23 0
-23 -24 0
40 41 42 0
-40 -42 0
-40 -41 0
-41 -42 0
19 20 21 0
-19 -21 0
-19 -20 0
-20 -21 0
40 41 42 0
-40 -42 0
-40 -41 0
-41 -42 0
16 17 18 0
-16 -18 0
-16 -17 0
-17 -18 0
40 41 42 0
-40 -42 0
-40 -41 0
-41 -42 0
7 8 9 0
-7 -9 0
-7 -8 0
-8 -9 0
37 38 39 0
-37 -39 0
-37 -38 0
-38 -39 0
31 32 33 0
-31 -33 0
-31 -32 0
-32 -33 0
37 38 39 0
-37 -39 0
-37 -38 0
-38 -39 0
28 29 30 0
-28 -30 0
-28 -29 0
-29 -30 0
37 38 39 0
-37 -39 0
-37 -38 0
-38 -39 0
25 26 27 0
-25 -27 0
-25 -26 0
-26 -27 0
37 38 39 0
-37 -39 0
-37 -38 0
-38 -39 0
22 23 24 0
-22 -24 0
-22 -23 0
-23 -24 0
37 38 39 0
-37 -39 0
-37 -38 0
-38 -39 0
16 17 18 0
-16 -18 0
-16 -17 0
-17 -18 0
37 38 39 0
-37 -39 0
-37 -38 0
-38 -39 0
13 14 15 0
-13 -15 0
-13 -14 0
-14 -15 0
37 38 39 0
-37 -39 0
-37 -38 0
-38 -39 0
10 11 12 0
-10 -12 0
-10 -11 0
-11 -12 0
37 38 39 0
-37 -39 0
-37 -38 0
-38 -39 0
1 2 3 0
-1 -3 0
-1 -2 0
-2 -3 0
34 35 36 0
-34 -36 0
-34 -35 0
-35 -36 0
7 8 9 0
-7 -9 0
-7 -8 0
-8 -9 0
34 35 36 0
-34 -36 0
-34 -35 0
-35 -36 0
1 2 3 0
-1 -3 0
-1 -2 0
-2 -3 0
31 32 33 0
-31 -33 0
-31 -32 0
-32 -33 0
28 29 30 0
-28 -30 0
-28 -29 0
-29 -30 0
31 32 33 0
-31 -33 0
-31 -32 0
-32 -33 0
13 14 15 0
-13 -15 0
-13 -14 0
-14 -15 0
31 32 33 0
-31 -33 0
-31 -32 0
-32 -33 0
10 11 12 0
-10 -12 0
-10 -11 0
-11 -12 0
31 32 33 0
-31 -33 0
-31 -32 0
-32 -33 0
1 2 3 0
-1 -3 0
-1 -2 0
-2 -3 0
28 29 30 0
-28 -30 0
-28 -29 0
-29 -30 0
22 23 24 0
-22 -24 0
-22 -23 0
-23 -24 0
28 29 30 0
-28 -30 0
-28 -29 0
-29 -30 0
13 14 15 0
-13 -15 0
-13 -14 0
-14 -15 0
28 29 30 0
-28 -30 0
-28 -29 0
-29 -30 0
10 11 12 0
-10 -12 0
-10 -11 0
-11 -12 0
28 29 30 0
-28 -30 0
-28 -29 0
-29 -30 0
4 5 6 0
-4 -6 0
-4 -5 0
-5 -6 0
25 26 27 0
-25 -27 0
-25 -26 0
-26 -27 0
22 23 24 0
-22 -24 0
-22 -23 0
-23 -24 0
25 26 27 0
-25 -27 0
-25 -26 0
-26 -27 0
19 20 21 0
-19 -21 0
-19 -20 0
-20 -21 0
25 26 27 0
-25 -27 0
-25 -26 0
-26 -27 0
16 17 18 0
-16 -18 0
-16 -17 0
-17 -18 0
25 26 27 0
-25 -27 0
-25 -26 0
-26 -27 0
13 14 15 0
-13 -15 0
-13 -14 0
-14 -15 0
25 26 27 0
-25 -27 0
-25 -26 0
-26 -27 0
7 8 9 0
-7 -9 0
-7 -8 0
-8 -9 0
25 26 27 0
-25 -27 0
-25 -26 0
-26 -27 0
1 2 3 0
-1 -3 0
-1 -2 0
-2 -3 0
22 23 24 0
-22 -24 0
-22 -23 0
-23 -24 0
19 20 21 0
-19 -21 0
-19 -20 0
-20 -21 0
22 23 24 0
-22 -24 0
-22 -23 0
-23 -24 0
16 17 18 0
-16 -18 0
-16 -17 0
-17 -18 0
22 23 24 0
-22 -24 0
-22 -23 0
-23 -24 0
7 8 9 0
-7 -9 0
-7 -8 0
-8 -9 0
22 23 24 0
-22 -24 0
-22 -23 0
-23 -24 0
4 5 6 0
-4 -6 0
-4 -5 0
-5 -6 0
19 20 21 0
-19 -21 0
-19 -20 0
-20 -21 0
7 8 9 0
-7 -9 0
-7 -8 0
-8 -9 0
16 17 18 0
-16 -18 0
-16 -17 0
-17 -18 0
13 14 15 0
-13 -15 0
-13 -14 0
-14 -15 0
16 17 18 0
-16 -18 0
-16 -17 0
-17 -18 0
10 11 12 0
-10 -12 0
-10 -11 0
-11 -12 0
16 17 18 0
-16 -18 0
-16 -17 0
-17 -18 0
7 8 9 0
-7 -9 0
-7 -8 0
-8 -9 0
16 17 18 0
-16 -18 0
-16 -17 0
-17 -18 0
4 5 6 0
-4 -6 0
-4 -5 0
-5 -6 0
13 14 15 0
-13 -15 0
-13 -14 0
-14 -15 0
7 8 9 0
-7 -9 0
-7 -8 0
-8 -9 0
13 14 15 0
-13 -15 0
-13 -14 0
-14 -15 0
4 5 6 0
-4 -6 0
-4 -5 0
-5 -6 0
10 11 12 0
-10 -12 0
-10 -11 0
-11 -12 0
7 8 9 0
-7 -9 0
-7 -8 0
-8 -9 0
10 11 12 0
-10 -12 0
-10 -11 0
-11 -12 0
4 5 6 0
-4 -6 0
-4 -5 0
-5 -6 0
7 8 9 0
-7 -9 0
-7 -8 0
-8 -9 0
4 5 6 0
-4 -6 0
-4 -5 0
-5 -6 0
148 149 150 0
-148 -150 0
-148 -149 0
-149 -150 0
145 146 147 0
-145 -147 0
-145 -146 0
-146 -147 0
142 143 144 0
-142 -144 0
-142 -143 0
-143 -144 0
139 140 141 0
-139 -141 0
-139 -140 0
-140 -141 0
136 137 138 0
-136 -138 0
-136 -137 0
-137 -138 0
133 134 135 0
-133 -135 0
-133 -134 0
-134 -135 0
130 131 132 0
-130 -132 0
-130 -131 0
-131 -132 0
127 128 129 0
-127 -129 0
-127 -128 0
-128 -129 0
124 125 126 0
-124 -126 0
-124 -125 0
-125 -126 0
121 122 123 0
-121 -123 0
-121 -122 0
-122 -123 0
118 119 120 0
-118 -120 0
-118 -119 0
-119 -120 0
115 116 117 0
-115 -117 0
-115 -116 0
-116 -117 0
112 113 114 0
-112 -114 0
-112 -113 0
-113 -114 0
109 110 111 0
-109 -111 0
-109 -110 0
-110 -111 0
106 107 108 0
-106 -108 0
-106 -107 0
-107 -108 0
103 104 105 0
-103 -105 0
-103 -104 0
-104 -105 0
100 101 102 0
-100 -102 0
-100 -101 0
-101 -102 0
97 98 99 0
-97 -99 0
-97 -98 0
-98 -99 0
94 95 96 0
-94 -96 0
-94 -95 0
-95 -96 0
91 92 93 0
-91 -93 0
-91 -92 0
-92 -93 0
88 89 90 0
-88 -90 0
-88 -89 0
-89 -90 0
85 86 87 0
-85 -87 0
-85 -86 0
-86 -87 0
82 83 84 0
-82 -84 0
-82 -83 0
-83 -84 0
79 80 81 0
-79 -81 0
-79 -80 0
-80 -81 0
76 77 78 0
-76 -78 0
-76 -77 0
-77 -78 0
73 74 75 0
-73 -75 0
-73 -74 0
-74 -75 0
70 71 72 0
-70 -72 0
-70 -71 0
-71 -72 0
67 68 69 0
-67 -69 0
-67 -68 0
-68 -69 0
64 65 66 0
-64 -66 0
-64 -65 0
-65 -66 0
61 62 63 0
-61 -63 0
-61 -62 0
-62 -63 0
58 59 60 0
-58 -60 0
-58 -59 0
-59 -60 0
55 56 57 0
-55 -57 0
-55 -56 0
-56 -57 0
52 53 54 0
-52 -54 0
-52 -53 0
-53 -54 0
49 50 51 0
-49 -51 0
-49 -50 0
-50 -51 0
46 47 48 0
-46 -48 0
-46 -47 0
-47 -48 0
43 44 45 0
-43 -45 0
-43 -44 0
-44 -45 0
40 41 42 0
-40 -42 0
-40 -41 0
-41 -42 0
37 38 39 0
-37 -39 0
-37 -38 0
-38 -39 0
34 35 36 0
-34 -36 0
-34 -35 0
-35 -36 0
31 32 33 0
-31 -33 0
-31 -32 0
-32 -33 0
28 29 30 0
-28 -30 0
-28 -29 0
-29 -30 0
25 26 27 0
-25 -27 0
-25 -26 0
-26 -27 0
22 23 24 0
-22 -24 0
-22 -23 0
-23 -24 0
19 20 21 0
-19 -21 0
-19 -20 0
-20 -21 0
16 17 18 0
-16 -18 0
-16 -17 0
-17 -18 0
13 14 15 0
-13 -15 0
-13 -14 0
-14 -15 0
10 11 12 0
-10 -12 0
-10 -11 0
-11 -12 0
7 8 9 0
-7 -9 0
-7 -8 0
-8 -9 0
4 5 6 0
-4 -6 0
-4 -5 0
-5 -6 0
1 2 3 0
-1 -3 0
-1 -2 0
-2 -3 0
